0
0
0
3.686971
0
0
3.172038
8.358031
13.52993
0
0
0
0
0
0
0
0
0.734639
0
0.921294
8.643747
17.70469
32.85853
54.95662
0
0
9.380064
0
0
2.103444
11.05604
0
9.663284
30.37601
0
12.31181
0
10.22305
31.55839
0
0
0
0
0
0
0
8.299402
35.03385
96.44849
176.3202
0
5.001328
0
0
7.608667
0
0
10.50286
32.21218
66.16881
110.2374
160.548
0
0
0
0
0
0
0
0
0
0
2.576935
0
0
0
0
3.482203
11.04888
22.35306
37.39347
0
0
0
0
0
0.164635
7.89832
15.64913
0
0
1.175533
0
0
0
4.605593
0
0
0
0
0
0
0
0
2.90109
8.146587
0
0
4.560601
12.12945
22.72172
0
0
0
1.989243
0
0
0
0
0
10.2956
30.47917
0
2.166318
0
10.30474
0
9.731458
0
7.278408
0
19.97324
0
9.674862
44.41225
103.5412
0
21.53092
67.2925
0
0
5.52055
0
0
9.181939
29.93924
63.89992
108.1263
164.5353
0
0.0828145
0
0
0.4968735
12.72591
29.88656
50.50954
77.39423
110.2571
0
0
0
0
0
0
0
0
0
0
0
0
0
7.035875
0
0.9913059
6.200693
0
4.07558
11.62749
19.23103
33.71964
48.77096
0
0
0
0
2.550919
5.242689
14.38102
24.69456
0
5.089687
10.92605
0
0
0
0
5.127598
10.77076
0
0
0
0.2097215
7.917788
21.22122
0
0
0
2.881544
11.92707
30.07377
59.26755
99.86819
151.7038
214.6497
285.1797
0
8.052467
27.72234
0
0
10.42523
46.38185
105.8092
190.5133
298.5648
0
40.47018
0
3.528402
19.68443
47.10983
87.58765
139.6078
0
4.62009
17.53509
38.79185
67.82047
0
7.507732
0
1.08818
10.43147
25.30193
0
0
0
0
0
5.547449
0
0
0
0
0
2.969636
0
0
0
0
0
0
6.481091
17.1727
0
0
0
0
0
0
0
1.765411
4.324182
10.35925
20.62906
30.88571
0
0
0
5.08508
0
1.882094
5.773185
13.63237
25.32358
42.89508
62.66903
87.97942
115.2367
0
6.455948
0
2.898885
0
5.8664
16.96682
0
0
4.995565
0
4.957002
0
3.188522
0
6.661928
0
7.765568
35.94468
0
7.554239
0
0
56.9984
113.4866
0
0
125.2225
184.5144
252.6746
345.081
454.0879
573.8069
703.9243
0
3.719512
19.43417
47.04652
80.02206
0
4.053624
11.65549
23.11979
0
3.84792
12.81953
27.91618
50.20448
73.12021
103.71
0
0
0
0
0
4.96675
0
0
0
0
7.599565
15.26238
0
0
0
4.982434
0
0
7.537563
15.17562
0
0
0
4.432231
12.17916
19.90082
35.21377
0
0
0
0
0
0
0
1.926118
0
0
0
6.38469
18.16677
35.4708
58.07516
0
0
0
7.610435
20.9657
39.66307
69.77284
0
0
6.486522
0
0
8.977942
28.97286
63.15878
0
11.09513
0
0
0
0
15.81348
40.88905
0
0
33.07455
27.3897
51.55158
88.16084
136.6844
197.731
0
170.7449
242.9709
0
2.455882
0
2.85991
11.55012
25.83255
46.94772
73.23495
0
1.347748
7.539429
0
0
0
0
0
3.562134
8.572381
17.20779
27.27889
41.76699
57.29225
83.71716
113.9902
144.1471
178.3179
0
0
3.145163
13.21629
0
0
0
0
0
0
0
0
0.4296225
0
0
1.325908
6.334526
13.22365
28.71986
46.09258
66.38457
88.61758
113.6566
143.4704
181.3769
0
2.57185
10.88334
24.91388
0
6.432497
7.438402
17.45422
31.58395
56.3319
0
0
4.081491
17.62055
38.38529
68.16727
120.9882
181.137
253.4741
0
0
99.67577
180.3199
292.1285
0
0
208.5265
0
0
119.2737
190.7162
272.979
363.8576
0
4.851343
22.15023
51.56364
93.51071
145.9314
0
14.14412
33.58078
0
0.264907
0
3.049219
12.433
25.66105
0
3.64064
0
0
0
3.339122
0
0
0
2.160691
0
0
0
0
3.624853
18.80457
37.17777
60.35506
84.12862
112.4452
142.7824
175.2103
0
0
0
4.544484
0
0
0
0.845143
7.063941
14.62565
26.46119
41.47468
61.11573
82.0271
111.0772
141.8307
177.3126
213.1767
0
1.659911
9.374777
23.78864
44.00325
69.47501
100.3003
138.7388
183.0146
232.6152
293.9965
0
9.754685
30.35563
63.48732
107.7755
164.353
234.8353
315.5177
411.0026
0
12.66251
51.64692
115.5125
206.0471
318.1492
433.1351
548.3154
662.2462
775.9344
182.3403
221.4864
0
0
0
38.35182
90.79947
160.2529
60.21926
0
71.56626
104.1023
141.5227
182.1998
227.4121
275.0866
328.2534
384.757
445.7621
283.1533
355.3703
397.3262
442.0912
491.8455
542.9286
598.0543
654.3753
658.0487
716.8849
780.1276
0
0
5.480621
13.16598
0
0
0
0
0
2.179067
0
0
0
0
0.9315205
7.001844
14.54526
23.93279
39.26887
54.64909
74.57588
97.67915
124.2362
155.188
0
0
1.322127
8.876604
18.08276
30.73137
49.45503
73.00792
0
2.519862
10.09931
23.10337
42.07333
67.65469
99.63976
136.4612
185.8471
246.3042
320.936
405.3083
504.1955
615.2664
730.6198
844.1431
959.374
0
9.664783
36.09732
79.19437
139.8497
214.4645
292.0823
0
16.79907
55.45239
105.9855
169.1135
242.49
328.5507
428.6778
541.1022
657.3138
771.9652
0
6.68894
0
0
2.986787
9.621392
19.65968
34.59416
53.55761
98.22483
150.2889
208.0648
0
0
42.8491
59.62092
79.98843
104.5233
0
0
1.935911
7.919663
17.6683
28.25257
45.97607
63.76709
84.9457
110.1463
135.5439
167.5868
200.3955
234.7734
0
0
1.655868
9.385048
0
0
0
0
6.357991
14.04101
23.35097
38.88247
56.423
79.2011
104.4515
132.8131
166.8643
204.5419
245.6678
292.9908
0
0
1.411326
9.107471
20.71463
35.80826
54.77958
77.72133
105.1003
0
6.45569
24.91969
56.1402
97.90615
152.4655
219.6802
298.6245
390.3362
501.3524
616.0898
731.6681
0
15.3982
55.87273
122.7907
217.7597
332.0269
453.3408
583.0097
711.1025
842.6342
973.5148
0
7.306545
26.70947
57.82732
100.7961
156.2655
218.6988
287.632
363.4184
442.9564
0
3.709825
12.89979
0
0
2.901771
12.01267
26.44115
41.72012
61.5162
81.72451
109.2135
137.466
172.7384
208.6551
252.4813
296.7355
348.3728
400.4527
456.5288
515.7667
575.4337
641.0745
706.9775
777.0696
850.741
925.884
1006.035
1087.648
1171.61
1261.262
1350.783
0
0
247.8022
288.5517
331.6508
379.2303
430.6554
484.6687
541.2971
604.4521
671.0283
743.5923
816.6836
895.6027
979.7623
1070.265
1164.471
1268.263
1376.042
0
0
358.6721
425.856
501.3527
587.0298
683.3424
791.4867
907.0536
1026.491
1150.32
1277.247
0
0
0
10.66101
46.72956
108.4782
195.5988
308.7985
423.7399
537.0209
652.179
765.4282
880.9884
995.2391
1110.764
1226.769
1340.028
1453.489
1567.914
1683.25
1796.737
1911.252
0
4.038137
15.43845
32.27638
56.0309
85.34189
121.1243
162.6646
210.1314
262.7876
321.3475
0
0
37.69495
55.91769
81.76977
108.2693
140.8905
174.9456
216.3391
0
7.528563
0
0
0
0
4.757095
12.39854
19.9127
35.46689
50.93386
69.85813
92.86871
115.6861
145.5209
176.3418
209.8116
248.3145
286.9241
330.0987
375.8516
427.0532
480.0189
540.2698
600.9938
669.611
738.7299
814.2792
0
0
76.94334
107.7302
144.1941
186.1859
233.6087
287.098
347.6747
413.7608
485.7694
564.0417
653.8187
756.819
869.7676
987.501
1106.666
1224.656
1342.856
1460.811
1579.47
1698.37
1818.864
1939.04
2058.23
2175.855
0
14.77978
55.27703
121.6946
210.4883
317.0656
437.1505
561.137
683.9155
806.8433
932.6046
1058.065
1182.226
1306.443
1431.695
1555.449
1680.65
1803.626
1926.149
2051.123
2173.666
2296.33
2422.612
2547.179
2670.02
2796.1
2920.784
3045.966
3169.242
3292.721
3417.711
3542.941
3666.312
3790.211
3914.996
4037.542
4162.165
4286.502
4412.16
4536.623
4660.627
4786.8
4912.98
5035.59
5160.658
5283.565
5407.207
5533.486
5656.729
5779.473
5906.008
6028.55
6153.33
6279.761
6403.796
6527.206
6652.109
6777.72
6900.94
7027.393
7152.432
7278.56
7401.92
7525.718
7650.824
7773.853
7897.374
8022.734
8146.972
8270.277
8395.936
8519.358
8643.657
8768.053
8890.959
9015.127
9140.842
9264.358
9389.995
9514.804
9638.448
9764.911
9891.016
10013.84
10136.67
10261.44
10390.15
10521.49
10651.61
10783.18
10910.75
11038.66
11167.96
11299.06
11429.47
11557.89
11686.91
11816.42
11945.39
12075.67
