0.5832585
0
4.468843
0
2.537764
5.97076
0
5.463726
0
0
3.730359
0
2.234287
0
2.977194
11.97956
0
0
5.216344
0
1.815889
10.48606
0
0
0
0
1.076835
5.177161
0
0
0
0
0
0
23.6314
0
0
0
0
0
0
0
0
0
0
0
0
0
0
0
0
0
0
0
0
0
0
0
0
0
4.471399
0
0
1.490226
0
0
5.469825
0
2.964737
0
0
0.6570715
0
0
2.07171
0
2.736569
0
0
6.951113
0
0.250656
2.824432
0
0
6.491773
15.80801
0
1.40659
3.974429
16.83829
0
0
1.830962
0
0
3.727545
11.4257
0
0
0
7.395261
0
0
0
0
0
2.316848
6.665469
0
1.744464
0
1.244032
14.36073
0
0
0
3.493195
16.35225
0
0
0
0
0
0
0
0
0
0
0
0
0
0
0
0
0
0
0
0
0
0
0
0
0
0
0
0
0
0
5.626842
0
0.499454
0
0
1.757888
0
0
0.9329699
5.380801
0
3.976014
0
0.165937
0
0
4.226166
0
0.995682
8.654184
0
0
0
1.737914
4.436149
17.06056
0
0
6.033257
0
0
5.791101
13.45723
0
1.740916
9.28757
21.83666
0
0
2.483982
10.07428
0
1.245854
4.563538
0
7.571529
0
1.408164
0
0
0.5859475
4.272198
18.90698
0
7.46548
0
0
4.044405
17.03622
0
0
0
0
0
0
0
0
0
0
0
0
0
0
0
0
0
0
0
0
0
0
0
0
0
0
0
0
0
0
0
0
5.804524
0
0
2.984684
0
0
0
0
2.733446
0
0
7.063172
0
0
1.493335
9.055697
0
0
3.479058
11.0982
0
0
0
4.973536
0
2.523332
6.047629
0
5.958891
0
0
4.889752
0
6.948489
0
0
5.058529
0
0
6.29961
18.58142
0
0.330385
6.690367
0
4.96749
0
0
0
0
0
3.733126
0
2.070196
0
2.258778
0
6.535781
0
0
4.241061
0
0
0
0
0
0
13.5272
0
0
0
0
0
0
0
0
0
0
0
0
0
0
0
0
0
0
0
0
0
5.724906
0
0
3.230496
0
0
0
0
3.223269
0
0
7.192313
0
0
1.737329
9.296421
0
0
4.217001
11.77905
0
0
0
6.774565
0
0
4.237312
0
5.963936
0
0
3.988371
11.57983
0
0
0
5.213753
0
0
0
4.140498
0
0
7.287049
19.50409
0
0
0
0
0
0
0
0
0
0
0
0
0
0
0
0
0
0
0
0
0
0
0
0
0
0
0
0
0
0
0
0
0
0
0
0
0
0
0
0
0
0
0
0
0
0
0
0
0
0
0
0
4.237704
0
0
0
0
0
0
3.825087
0
0
0
0
6.198557
0
0
0
0
3.649474
9.974425
17.67794
0
0
0
0
1.819877
9.446163
0
0
0
0
3.542203
0
0
0
0
5.992844
0
0
0.411721
0
0
0.6603841
4.341422
0
0
2.614802
0
0
6.378188
0
0
0
0
0
0
0
0
0
0
0
0
0
0
0
0
0
0
0
0
0
0
0
0
0
0
0
0
0
0
0
0
0
0
0
0
0
0
0
0
0
0
3.647516
0
0
0
0
0
0
2.235162
6.509241
0
0
0
0
5.706681
0
0
4.798702
12.50785
0
0
0
0
2.160875
9.96752
0
0
0
0
3.810576
10.22678
0
0
5.103804
12.43696
0
0
0.498137
3.05345
0
0
1.074744
0
0
2.650992
0
0
1.408179
5.968106
0
0
0
0
0
0
0
0
0
0
0
0
0
0
0
0
0
0
0
0
0
0
0
0
0
0
0
0
0
0
0
0
0
0
0
0
0
0
0
0
0
0
6.213962
0
0
0
0
6.387872
0
0
0
0
4.306878
11.97745
0
0
7.289367
0
0
5.988129
0
0
0
0
5.798189
0
0
0
0
3.514942
10.83072
0
0
0
0
5.974468
0
0
0
0
0
0
0
0
0
0
0
0
0
0
0
0
0
0
0
0
0
0
0
0
0
0
0
0
0
0
0
0
0
0
0
0
0
0
0
0
0
0
0
0
0
0
0
0
0
0
1.739207
0
0
0
0
0
1.159644
0
0
2.540287
7.320928
0
0
2.662998
5.858862
0
0
0
2.5
0
0
0.757764
3.328467
0
0
0
1.159441
0
0
0.6614195
3.229262
0
0
2.52749
7.132293
0
0
0.248517
2.77492
0
0
0.9131815
3.836693
0
0
1.572573
6.301605
0
0
0.995681
0
0
0
0
2.069243
0
0
0
0
2.233521
0
0
0
0
0
0
0
0
0
0
0
0
0
0
2.149325
0
0
0
0
2.319189
0
0
1.416921
0
0
3.022865
0
0
1.652143
0
0
0.7429215
3.436387
0
0
1.407547
4.862991
0
0
2.069544
6.165281
0
0
1.908203
4.855585
0
0
1.318007
8.591154
0
0
1.575961
4.088031
0
0
0
1.90548
0
0
1.406964
3.933309
0
1.994322
0
0
6.208236
0
0
0.9980955
8.640665
0
1.660329
0
8.452612
0
0
0
1.994303
0
1.990798
0
0
0
0
0
0
0
0
0
0
0
0
0
0
0
0
0
0
0
0
0
0
0
0
0
0
0
0
0
0
0
0
0
0
0
3.112838
0
0
1.822472
0
0
0
2.403615
0
0
0.4974655
3.201119
0
0
1.405572
4.831575
0
0
2.320632
10.04278
0
0
2.071491
0
0
4.2246
0
2.323632
0
0
1.67925
0
7.596495
0
0
5.122769
0
0
6.475053
0
0
0.7424085
8.491043
0
0
3.217433
15.53908
0
0
1.234892
0
0
4.977651
0
0
1.989757
0
0
0
0
0
0
0
0
0
0
0
0
0
0
0
0
0
0
0
0
0
0
0
0
0
0
0
0
0
0
1.486255
0
0
5.231473
0
0
2.981985
0
0
6.461602
0
0
1.242621
8.860493
0
0
3.480796
0
0
7.741175
0
0
5.790762
0
0
3.975999
11.68482
0
0
0
5.215726
0
0
2.996464
10.53986
0
0
0
3.726719
0
