0.5832585
0
4.302408
0
2.537764
5.97076
0
5.293083
0
0
3.567456
0
2.234287
0
2.814254
11.64881
0
0
5.04849
0
1.815889
10.48606
0
5.301243
0
0.664662
0
0
1.90039
0
0
2.851916
0
0
0
0
0
0
0
0
0
0
0
0
0
0
0
0
0
0
0
0
0
0
0
0
0
0
0
0
0
5.547431
0
0
2.817978
0
1.823275
0
6.344864
0
0
1.809081
0
2.523996
0
4.306229
0
0
0
6.790037
19.74594
0
0
3.143289
10.81433
0
3.47918
11.12013
0
0
7.260737
17.67704
0
0
0
0
4.55588
0
6.542497
0
0
6.231009
0
4.311116
0
0.331343
6.358667
0
4.798503
0
0.581488
0
3.563086
16.44236
0
3.101286
22.93037
57.33601
0
0
0
0
0
0
0
0
0
0
0
0
0
0
0
0
0
0
0
0
0
0
0
0
0
0
0
0
0
0
0
0
0
0
0.910385
4.971888
0
0
3.172591
0
0
2.051874
6.078816
0
0.165937
7.850136
0
0
0
0.331894
0
0
4.060057
11.73433
0
0
7.834877
0
0
5.868539
14.57176
0
0
0
6.57642
0
7.116371
0
0
7.182311
0
4.151533
16.18227
0
1.670479
9.433525
0
0
4.052005
0
0.252424
0
0
1.491014
6.129556
13.97698
0
2.572552
14.3029
0
0
0
0
0
0
0
0
0
0
0
0
0
0
0
0
0
0
0
0
0
0
0
0
0
0
0
0
0
0
0
0
4.148226
0
0
0
0
3.820508
0
0
0
0
0.8803635
8.478045
0
0
3.312788
0
0
7.095026
0
0
0
6.295315
0
0
4.806383
0
0
2.815485
10.50694
0
0
0
6.049629
0
6.617709
0
0
4.896379
0
0
6.131735
0
0
0.827389
8.464403
0
1.65583
0
1.323102
0
0
0
5.905271
0
5.882406
22.47946
0
0
0
2.74494
0
0
2.258166
10.34865
0
0
0
0
0
0
0
0
0
0
0
0
0
0
0
0
0
0
0
0
0
0
2.402171
0
0
0
0
0
0
5.549811
0
0
2.499664
0
0
0
0
7.192313
0
0
0.5791095
6.740775
0
0
1.405667
0
6.591712
0
0
5.465215
0
0
0
0
1.987979
0
0
5.97595
0
0
4.056334
11.79434
0
0
7.722666
0
8.440372
0
0
7.287049
19.50409
0
0
0
0
0
0
0
0
0
0
0
0
0
0
0
0
0
0
0
0
0
0
0
0
0
0
0
0
0
0
0
0
0
0
0
0
0
0
0
0
0
0
0
0
0
0
0
0
0
0
0
0
4.237704
0
0
0
0
0
0
3.825087
0
0
0
0
6.198557
0
0
0
0
3.649474
9.974425
17.67794
0
0
0
0
1.819877
9.446163
0
0
0
0
3.542203
0
0
0
0
2.10814
6.247317
0
0
0
2.909657
0
0
1.574075
6.150067
0
0
0.911171
0
0
3.309713
0
0
0
0
0
0
0
0
0
0
0
0
0
0
0
0
0
0
0
0
0
0
0
0
0
0
0
0
0
0
0
0
0
0
0
0
0
0
0
0
3.647516
0
0
0
0
0
0
2.235162
6.509241
0
0
0
0
5.706681
0
0
4.798702
12.50785
0
0
0
0
2.160875
9.96752
0
0
0
0
3.810576
0
0
0.1620645
0
0
1.657313
5.473033
0
0
2.650353
0
0
6.295384
0
0
0.4982905
4.101893
0
0
0
0
0
0
0
0
0
0
0
0
0
0
0
0
0
0
0
0
0
0
0
0
0
0
0
0
0
0
0
0
0
0
0
0
0
0
0
0
0
0
0
0
6.213962
0
0
0
0
6.387872
0
0
0
0
4.306878
11.97745
0
0
7.289367
0
0
5.988129
0
0
0
0
5.798189
0
0
0
0
3.514942
10.83072
0
0
0
0
5.974468
0
0
0
0
0
0
0
0
0
0
0
0
0
0
0
0
0
0
0
0
0
0
0
0
0
0
0
0
0
0
0
0
0
0
0
0
0
0
0
0
0
0
0
0
0
0
0
0
4.238076
0
0
2.125844
0
0
7.040733
0
0
0.6611185
3.360234
0
0
1.552758
4.149319
0
0
0
1.523486
0
0
0
2.526317
0
0
1.856806
4.82129
0
0
0
2.237447
0
0
1.588342
4.124841
0
0
1.411098
4.890405
0
0
2.235939
6.433958
0
0
0.660498
4.450691
0
0
2.654354
0
0
6.596694
0
0
0
0
2.572128
0
0
0
0
2.317734
0
0
0
0
0
0
0
0
0
0
0
0
0
0
2.482704
0
0
0
0
2.649141
0
0
1.832478
0
0
0.8295445
4.698075
0
0
2.961435
0
0
2.520437
7.012028
0
0
0.1664455
2.674136
0
0
0.9107435
3.43684
0
0.8279076
8.388113
0
0
0
0.579551
3.136074
0
0
2.528914
6.173481
0
5.55077
0
0
0
0
2.400989
5.666668
0
5.083992
0
0
0
0.3326985
6.695772
0
4.814331
0
0
2.153731
0
1.576078
0
7.859957
25.35604
0
0
0
0
0
0
0
0
0
0
0
0
0
0
0
0
0
0
0
0
0
0
0
0
0
0
0
0
0
0
0
0
3.8104
0
2.512054
0
0
1.406663
0
0
2.955627
0
7.034381
0
1.159652
0
0
2.569349
7.102457
0
2.151439
9.721034
0
0
0
1.076856
3.59539
0
0
0
8.532178
0
0
0.7454865
3.275797
0
0
2.532165
13.18372
0
0
2.316345
0
6.140187
0
0
0.5788015
8.327435
0
0
3.060456
0
0
0
0
2.40178
0
0
6.083438
0
0
9.429819
0
0
0
0
0
0
0
0
0
0
0
0
0
0
0
0
0
0
0
0
0
0
0
0
0
0
0
0
0
0
2.401859
0
0
0
0
2.814352
0
0
6.29735
0
0
1.076955
8.694827
0
0
3.315128
0
0
5.160783
0
0
5.621919
0
0
3.805328
11.51415
0
0
0
5.054317
0
0
2.83084
10.37424
0
0
0
3.561602
0
